4294967279,455
4294967279,454
4294967279,453
11,5
13,15
13,14
4294967278,391
13,13
13,12
13,11
4294967279,452
4294967279,451
4294967279,450
4294967278,390
4294967278,389
4294967279,449
4294967278,388
11,166
11,165
11,164
11,163
11,162
4294967278,387
4294967279,448
11,161
11,160
11,159
11,158
11,157
11,156
11,155
11,154
11,153
11,152
11,151
11,150
11,149
11,148
11,147
11,146
11,145
11,144
11,143
11,142
11,141
11,140
11,139
11,138
11,137
11,136
11,135
11,134
11,133
11,132
11,131
11,130
11,129
11,128
11,127
11,126
13,10
13,9
4294967279,447
4294967278,386
4294967279,446
4294967278,385
4294967278,384
4294967279,445
4294967278,383
4294967279,444
4294967278,382
4294967278,381
4294967279,443
4294967279,442
4294967278,380
11,125
11,124
11,123
11,122
11,121
11,120
11,119
11,118
11,117
11,116
11,115
11,114
11,113
11,112
11,111
11,110
11,109
11,108
11,107
11,106
11,105
11,104
11,103
11,102
11,101
11,100
11,99
11,98
11,97
11,96
11,95
4294967278,379
11,94
4294967278,378
4294967279,441
4294967279,440
4294967278,377
11,93
4294967278,376
4294967278,375
4294967278,374
4294967279,439
4294967278,373
4294967278,372
4294967279,438
4294967279,437
4294967278,371
4294967278,370
4294967279,436
4294967279,435
4294967278,369
4294967278,368
4294967279,434
4294967278,367
11,92
4294967279,433
4294967279,432
4294967279,431
4294967279,430
11,91
4294967278,366
11,90
11,89
11,88
11,87
11,86
11,85
11,84
11,83
11,82
11,81
11,80
11,79
11,78
11,77
11,76
4294967278,365
4294967279,429
4294967279,428
4294967278,364
11,75
11,74
11,73
11,72
4294967279,427
4294967278,363
4294967279,426
4294967278,362
11,71
11,70
11,69
11,68
4294967278,361
4294967279,425
11,67
11,66
11,65
11,64
11,38
11,37
11,36
11,35
4294967278,360
14,7
16,11
17,7
16,10
17,6
17,5
17,4
17,3
17,2
17,1
16,9
16,8
16,7
16,6
16,5
16,4
16,3
16,2
16,1
4294967294,1427
15,5
15,4
15,3
15,2
15,1
14,6
14,5
14,4
14,3
14,2
14,1
11,34
4294967278,359
11,33
4294967279,424
4294967278,358
4294967279,423
4294967278,357
4294967279,422
4294967279,421
4294967279,420
4294967278,356
11,32
11,31
11,30
11,29
11,28
11,27
11,26
11,25
11,24
11,23
11,22
11,21
11,20
11,19
11,18
4294967279,419
4294967278,355
4294967279,418
11,17
4294967279,417
4294967278,354
4294967278,353
11,16
11,15
4294967278,352
4294967278,351
4294967279,416
4294967278,350
11,14
11,13
11,12
11,11
11,10
11,9
4294967279,415
11,8
4294967278,349
11,7
4294967279,414
4294967278,348
4294967278,347
4294967278,346
4294967278,345
4294967278,344
4294967278,343
4294967279,413
4294967279,412
4294967278,342
4294967279,411
4294967279,410
4294967279,409
4294967278,341
4294967278,340
4294967278,339
4294967278,338
4294967279,408
4294967278,337
4294967279,407
4294967278,336
4294967279,406
4294967278,335
4294967279,405
4294967278,334
4294967279,404
4294967278,333
4294967279,403
4294967278,332
4294967279,402
4294967278,331
4294967279,401
4294967278,330
4294967279,400
4294967278,329
4294967279,399
4294967278,328
4294967279,398
4294967278,327
4294967279,397
4294967278,326
4294967279,396
4294967278,325
4294967279,395
4294967278,324
4294967279,394
4294967278,323
4294967279,393
4294967278,322
4294967279,392
4294967278,321
4294967279,391
4294967278,320
4294967279,390
4294967278,319
4294967279,389
4294967278,318
4294967279,388
4294967278,317
4294967279,387
4294967278,316
4294967279,386
4294967278,315
4294967279,385
4294967278,314
4294967279,384
4294967278,313
4294967279,136
4294967278,312
4294967279,133
4294967278,311
4294967279,319
4294967278,310
4294967279,318
4294967278,309
4294967279,317
4294967278,308
4294967279,316
4294967278,307
4294967279,315
4294967279,314
4294967279,313
4294967278,306
4294967279,312
4294967278,305
4294967279,311
4294967278,304
4294967279,310
4294967278,303
4294967279,309
4294967278,302
4294967279,308
4294967278,301
4294967279,307
4294967278,300
4294967279,306
4294967278,299
4294967279,305
4294967278,298
4294967279,304
4294967278,297
4294967279,303
4294967278,296
4294967279,302
4294967278,295
4294967279,301
4294967279,300
4294967278,294
4294967279,299
4294967294,1426
4294967294,1425
13,8
13,7
13,6
13,5
13,4
13,3
13,2
13,1
4294967278,293
4294967294,221
4294967294,473
12,6
12,5
12,4
12,3
12,2
12,1
4294967279,298
11,6
11,4
11,3
11,2
11,1
4294967278,292
10,5
10,4
10,3
10,2
10,1
4294967278,291
9,9
9,8
9,7
9,6
9,5
9,4
9,3
9,2
9,1
4294967278,290
4294967294,270
8,6
8,5
8,4
8,3
